{"data":[{"colorbar":{"len":1.0,"thickness":10,"xanchor":"left"},"colorscale":[[0.0,"#0d0887"],[0.1111111111111111,"#46039f"],[0.2222222222222222,"#7201a8"],[0.3333333333333333,"#9c179e"],[0.4444444444444444,"#bd3786"],[0.5555555555555556,"#d8576b"],[0.6666666666666666,"#ed7953"],[0.7777777777777778,"#fb9f3a"],[0.8888888888888888,"#fdca26"],[1.0,"#f0f921"]],"showscale":true,"x":["LIMIT_BAL","AGE","PAY_1","PAY_2","PAY_3","PAY_4","PAY_5","PAY_6","BILL_AMT1","BILL_AMT2","BILL_AMT3","BILL_AMT4","BILL_AMT5","BILL_AMT6","PAY_AMT1","PAY_AMT2","PAY_AMT3","PAY_AMT4","PAY_AMT5","PAY_AMT6","SEX_binary","EDUCATION_binary","MARRIAGE_binary","Default_binary"],"y":["LIMIT_BAL","AGE","PAY_1","PAY_2","PAY_3","PAY_4","PAY_5","PAY_6","BILL_AMT1","BILL_AMT2","BILL_AMT3","BILL_AMT4","BILL_AMT5","BILL_AMT6","PAY_AMT1","PAY_AMT2","PAY_AMT3","PAY_AMT4","PAY_AMT5","PAY_AMT6","SEX_binary","EDUCATION_binary","MARRIAGE_binary","Default_binary"],"z":[[1.0,0.14464322970542445,-0.27157610214841016,-0.29630167238789623,-0.28599952222129116,-0.2672996622489401,-0.24921617047143582,-0.23497247350816006,0.2858769472956901,0.278753406854247,0.2836713800134554,0.29442831228151317,0.29599895953954103,0.2908160549233826,0.1954540751287367,0.17858436302278566,0.21037507709681802,0.2034512644555211,0.21742124661965903,0.21980741421658986,-0.025014615642854943,-0.16168447228387495,-0.09262594255073266,-0.1538710392358414],[0.14464322970542445,1.0,-0.03965643267071223,-0.05047725938807094,-0.0533117861517904,-0.04997022733419616,-0.054077853717264125,-0.049004302463198535,0.0560921576799036,0.054136411467750944,0.05356561031212014,0.051208699422533095,0.049201519921264925,0.04747040478232654,0.02606764137200011,0.02172589151522569,0.029181424546140745,0.021306481249776545,0.022776559997135428,0.019408574982966765,0.09105695176646608,-0.06395638566468374,-0.46567518554513637,0.013619351116094566],[-0.27157610214841016,-0.03965643267071223,1.0,0.6735920602042125,0.5754197075853096,0.5399277703099211,0.5104554461223088,0.47546841522886174,0.1873144616193672,0.19010737226465121,0.18001958729567671,0.1793572728170251,0.1808670203622973,0.1772067152063138,-0.07932092005486237,-0.07014764624036893,-0.07060624591276231,-0.06404345062208917,-0.058222838355935135,-0.05870795020204647,0.05793233976085821,0.10389432881573255,0.013845942985382763,0.32496375967679036],[-0.29630167238789623,-0.05047725938807094,0.6735920602042125,1.0,0.7659651478281144,0.6612054898269264,0.621810323939256,0.5744327188434336,0.23414597663769748,0.23452352873526147,0.22341338095645813,0.22150872089641477,0.22063262794837488,0.21869935666079351,-0.08135441930591705,-0.059477439081203155,-0.05644797858266393,-0.04741059315916839,-0.037641659890685686,-0.03701532526308139,0.07070048066284068,0.1262101962550133,0.020917939044012783,0.26365623131100085],[-0.28599952222129116,-0.0533117861517904,0.5754197075853096,0.7659651478281144,1.0,0.7767306799164654,0.6858823280877752,0.6316651632203031,0.2077715812375586,0.23664813874537108,0.22684870698880294,0.22656325665562513,0.224515225898409,0.2217059029873195,0.0007834215692152945,-0.06727614108010163,-0.05383397716457388,-0.04659587769745807,-0.036386613524296584,-0.03635358643161255,0.06595445111355218,0.11882951101042716,0.0278810113781642,0.2352304791711376],[-0.2672996622489401,-0.04997022733419616,0.5399277703099211,0.6612054898269264,0.7767306799164654,1.0,0.8193222941153356,0.715663294490502,0.20211334820693883,0.2251625318904806,0.24437859745548624,0.2453211212089059,0.2423131197558608,0.2385724553174024,-0.009883068256113651,-0.00232771358807403,-0.06977610821728646,-0.04398126744973445,-0.03410397576217706,-0.027038625817331984,0.060012697090461274,0.11343892242306029,0.027384661346885737,0.21655085455746317],[-0.24921617047143582,-0.054077853717264125,0.5104554461223088,0.621810323939256,0.6858823280877752,0.8193222941153356,1.0,0.8163873885828731,0.20599750320253823,0.22626764795829682,0.24273418356467502,0.2713700460328199,0.26924648147447733,0.2619736358006227,-0.006605306621804152,-0.0035774855712015913,0.008635736084278093,-0.05884240495796334,-0.03385183174176156,-0.023496754306043838,0.05488552082855706,0.10630803993637968,0.032497503053407206,0.2040591287539334],[-0.23497247350816006,-0.049004302463198535,0.47546841522886174,0.5744327188434336,0.6316651632203031,0.715663294490502,0.8163873885828731,1.0,0.20670548134891503,0.226294797503499,0.24059127400809208,0.2658138372489495,0.2904028469228627,0.28460333603205007,-0.0019898312569475176,-0.005600019607723221,0.0054157712411882775,0.01860270895740612,-0.046950479224235446,-0.025756461780108753,0.04380785481397835,0.09914848980930506,0.02913926939087396,0.1867396249876777],[0.2858769472956901,0.0560921576799036,0.1873144616193672,0.23414597663769748,0.2077715812375586,0.20211334820693883,0.20599750320253823,0.20670548134891503,1.0,0.9514565698529963,0.8922196354892711,0.860196489422697,0.8296878968827944,0.8025469552025498,0.14005281023927788,0.09918122768710329,0.15670222557098684,0.15811001494022858,0.1668316545203315,0.17916617902023352,0.03367507455059657,0.03594182067058592,-0.021911704606776473,-0.019757561189393407],[0.278753406854247,0.054136411467750944,0.19010737226465121,0.23452352873526147,0.23664813874537108,0.2251625318904806,0.22626764795829682,0.226294797503499,0.9514565698529963,1.0,0.9282873239247058,0.8924244097568469,0.8597040627274722,0.8315060432354434,0.28019040134222367,0.10067855903473145,0.15053227155871696,0.1472030381650423,0.15776139467074196,0.17408047000788401,0.031214309319031436,0.0334377293936293,-0.018905994250811704,-0.014301695285761697],[0.2836713800134554,0.05356561031212014,0.18001958729567671,0.22341338095645813,0.22684870698880294,0.24437859745548624,0.24273418356467502,0.24059127400809208,0.8922196354892711,0.9282873239247058,1.0,0.9239291949845551,0.8838491918194926,0.8532450203751634,0.24415049273082398,0.3168323142289413,0.12982159148653086,0.1432113529563124,0.1795264342311508,0.18215541894529796,0.024588000164368178,0.02643079896843285,-0.02202300139756927,-0.014181945965625897],[0.29442831228151317,0.051208699422533095,0.1793572728170251,0.22150872089641477,0.22656325665562513,0.2453211212089059,0.2713700460328199,0.2658138372489495,0.860196489422697,0.8924244097568469,0.9239291949845551,1.0,0.9401034494219234,0.9008906665640325,0.2328244996537053,0.20742748378597267,0.2998874227692748,0.1299953142678865,0.16024219884337862,0.17746606386475994,0.021901753794002613,0.024032810684482566,-0.01840152623602036,-0.01025920949369577],[0.29599895953954103,0.049201519921264925,0.1808670203622973,0.22063262794837488,0.224515225898409,0.2423131197558608,0.26924648147447733,0.2904028469228627,0.8296878968827944,0.8597040627274722,0.8838491918194926,0.9401034494219234,1.0,0.9461698301539903,0.2168403573019655,0.1811038239238051,0.2521562195476078,0.2929751190371547,0.14137972549716457,0.16401133021806225,0.01702276297787335,0.02064627704847354,-0.020080384019893167,-0.006859294776426932],[0.2908160549233826,0.04747040478232654,0.1772067152063138,0.21869935666079351,0.2217059029873195,0.2385724553174024,0.2619736358006227,0.28460333603205007,0.8025469552025498,0.8315060432354434,0.8532450203751634,0.9008906665640325,0.9461698301539903,1.0,0.1997715450755179,0.17251945653088088,0.23361717674986063,0.250081912960348,0.3075874218401944,0.11530882415156277,0.016750199856275055,0.023689860980537672,-0.016716148936525118,-0.00546863734059902],[0.1954540751287367,0.02606764137200011,-0.07932092005486237,-0.08135441930591705,0.0007834215692152945,-0.009883068256113651,-0.006605306621804152,-0.0019898312569475176,0.14005281023927788,0.28019040134222367,0.24415049273082398,0.2328244996537053,0.2168403573019655,0.1997715450755179,1.0,0.28550527455729025,0.2521052292600955,0.19946239895016266,0.1483555702429749,0.1856427247413314,0.0002400876290316877,-0.035007632559257956,-0.00890776799416489,-0.07301487306669871],[0.17858436302278566,0.02172589151522569,-0.07014764624036893,-0.059477439081203155,-0.06727614108010163,-0.00232771358807403,-0.0035774855712015913,-0.005600019607723221,0.09918122768710329,0.10067855903473145,0.3168323142289413,0.20742748378597267,0.1811038239238051,0.17251945653088088,0.28550527455729025,1.0,0.2447052016532902,0.18003331955525653,0.18083302260034087,0.1575618576187219,0.001390061269671857,-0.03414752392762109,-0.012552149916213087,-0.058643381925690914],[0.21037507709681802,0.029181424546140745,-0.07060624591276231,-0.05644797858266393,-0.05383397716457388,-0.06977610821728646,0.008635736084278093,0.0054157712411882775,0.15670222557098684,0.15053227155871696,0.12982159148653086,0.2998874227692748,0.2521562195476078,0.23361717674986063,0.2521052292600955,0.2447052016532902,1.0,0.21624388986278165,0.15912490000728152,0.16265731128712918,0.008599492918504575,-0.03494091344905907,-0.006199054484730971,-0.056319387494510494],[0.2034512644555211,0.021306481249776545,-0.06404345062208917,-0.04741059315916839,-0.04659587769745807,-0.04398126744973445,-0.05884240495796334,0.01860270895740612,0.15811001494022858,0.1472030381650423,0.1432113529563124,0.1299953142678865,0.2929751190371547,0.250081912960348,0.19946239895016266,0.18003331955525653,0.21624388986278165,1.0,0.15173751115288045,0.1577476634671103,0.0022272503615978156,-0.029006201656623338,-0.014607687409656947,-0.0568981788417529],[0.21742124661965903,0.022776559997135428,-0.058222838355935135,-0.037641659890685686,-0.036386613524296584,-0.03410397576217706,-0.03385183174176156,-0.046950479224235446,0.1668316545203315,0.15776139467074196,0.1795264342311508,0.16024219884337862,0.14137972549716457,0.3075874218401944,0.1483555702429749,0.18083302260034087,0.15912490000728152,0.15173751115288045,1.0,0.15480729030716298,0.001664989467113753,-0.02379412698915336,-0.001372295223192201,-0.055194253060265666],[0.21980741421658986,0.019408574982966765,-0.05870795020204647,-0.03701532526308139,-0.03635358643161255,-0.027038625817331984,-0.023496754306043838,-0.025756461780108753,0.17916617902023352,0.17408047000788401,0.18215541894529796,0.17746606386475994,0.16401133021806225,0.11530882415156277,0.1856427247413314,0.1575618576187219,0.16265731128712918,0.1577476634671103,0.15480729030716298,1.0,0.002765200157999505,-0.02698491639218083,-0.003506337396620686,-0.053250209183659775],[-0.025014615642854943,0.09105695176646608,0.05793233976085821,0.07070048066284068,0.06595445111355218,0.060012697090461274,0.05488552082855706,0.04380785481397835,0.03367507455059657,0.031214309319031436,0.024588000164368178,0.021901753794002613,0.01702276297787335,0.016750199856275055,0.0002400876290316877,0.001390061269671857,0.008599492918504575,0.0022272503615978156,0.001664989467113753,0.002765200157999505,1.0,-0.026983287838542255,0.031166642918634854,0.03974164282427598],[-0.16168447228387495,-0.06395638566468374,0.10389432881573255,0.1262101962550133,0.11882951101042716,0.11343892242306029,0.10630803993637968,0.09914848980930506,0.03594182067058592,0.0334377293936293,0.02643079896843285,0.024032810684482566,0.02064627704847354,0.023689860980537672,-0.035007632559257956,-0.03414752392762109,-0.03494091344905907,-0.029006201656623338,-0.02379412698915336,-0.02698491639218083,-0.026983287838542255,1.0,-0.07228317032696888,0.032016689869716376],[-0.09262594255073266,-0.46567518554513637,0.013845942985382763,0.020917939044012783,0.0278810113781642,0.027384661346885737,0.032497503053407206,0.02913926939087396,-0.021911704606776473,-0.018905994250811704,-0.02202300139756927,-0.01840152623602036,-0.020080384019893167,-0.016716148936525118,-0.00890776799416489,-0.012552149916213087,-0.006199054484730971,-0.014607687409656947,-0.001372295223192201,-0.003506337396620686,0.031166642918634854,-0.07228317032696888,1.0,-0.030248723470669873],[-0.1538710392358414,0.013619351116094566,0.32496375967679036,0.26365623131100085,0.2352304791711376,0.21655085455746317,0.2040591287539334,0.1867396249876777,-0.019757561189393407,-0.014301695285761697,-0.014181945965625897,-0.01025920949369577,-0.006859294776426932,-0.00546863734059902,-0.07301487306669871,-0.058643381925690914,-0.056319387494510494,-0.0568981788417529,-0.055194253060265666,-0.053250209183659775,0.03974164282427598,0.032016689869716376,-0.030248723470669873,1.0]],"type":"heatmap"}],"layout":{"template":{"data":{"histogram2dcontour":[{"type":"histogram2dcontour","colorbar":{"outlinewidth":0,"ticks":""},"colorscale":[[0.0,"#0d0887"],[0.1111111111111111,"#46039f"],[0.2222222222222222,"#7201a8"],[0.3333333333333333,"#9c179e"],[0.4444444444444444,"#bd3786"],[0.5555555555555556,"#d8576b"],[0.6666666666666666,"#ed7953"],[0.7777777777777778,"#fb9f3a"],[0.8888888888888888,"#fdca26"],[1.0,"#f0f921"]]}],"choropleth":[{"type":"choropleth","colorbar":{"outlinewidth":0,"ticks":""}}],"histogram2d":[{"type":"histogram2d","colorbar":{"outlinewidth":0,"ticks":""},"colorscale":[[0.0,"#0d0887"],[0.1111111111111111,"#46039f"],[0.2222222222222222,"#7201a8"],[0.3333333333333333,"#9c179e"],[0.4444444444444444,"#bd3786"],[0.5555555555555556,"#d8576b"],[0.6666666666666666,"#ed7953"],[0.7777777777777778,"#fb9f3a"],[0.8888888888888888,"#fdca26"],[1.0,"#f0f921"]]}],"heatmap":[{"type":"heatmap","colorbar":{"outlinewidth":0,"ticks":""},"colorscale":[[0.0,"#0d0887"],[0.1111111111111111,"#46039f"],[0.2222222222222222,"#7201a8"],[0.3333333333333333,"#9c179e"],[0.4444444444444444,"#bd3786"],[0.5555555555555556,"#d8576b"],[0.6666666666666666,"#ed7953"],[0.7777777777777778,"#fb9f3a"],[0.8888888888888888,"#fdca26"],[1.0,"#f0f921"]]}],"heatmapgl":[{"type":"heatmapgl","colorbar":{"outlinewidth":0,"ticks":""},"colorscale":[[0.0,"#0d0887"],[0.1111111111111111,"#46039f"],[0.2222222222222222,"#7201a8"],[0.3333333333333333,"#9c179e"],[0.4444444444444444,"#bd3786"],[0.5555555555555556,"#d8576b"],[0.6666666666666666,"#ed7953"],[0.7777777777777778,"#fb9f3a"],[0.8888888888888888,"#fdca26"],[1.0,"#f0f921"]]}],"contourcarpet":[{"type":"contourcarpet","colorbar":{"outlinewidth":0,"ticks":""}}],"contour":[{"type":"contour","colorbar":{"outlinewidth":0,"ticks":""},"colorscale":[[0.0,"#0d0887"],[0.1111111111111111,"#46039f"],[0.2222222222222222,"#7201a8"],[0.3333333333333333,"#9c179e"],[0.4444444444444444,"#bd3786"],[0.5555555555555556,"#d8576b"],[0.6666666666666666,"#ed7953"],[0.7777777777777778,"#fb9f3a"],[0.8888888888888888,"#fdca26"],[1.0,"#f0f921"]]}],"surface":[{"type":"surface","colorbar":{"outlinewidth":0,"ticks":""},"colorscale":[[0.0,"#0d0887"],[0.1111111111111111,"#46039f"],[0.2222222222222222,"#7201a8"],[0.3333333333333333,"#9c179e"],[0.4444444444444444,"#bd3786"],[0.5555555555555556,"#d8576b"],[0.6666666666666666,"#ed7953"],[0.7777777777777778,"#fb9f3a"],[0.8888888888888888,"#fdca26"],[1.0,"#f0f921"]]}],"mesh3d":[{"type":"mesh3d","colorbar":{"outlinewidth":0,"ticks":""}}],"scatter":[{"fillpattern":{"fillmode":"overlay","size":10,"solidity":0.2},"type":"scatter"}],"parcoords":[{"type":"parcoords","line":{"colorbar":{"outlinewidth":0,"ticks":""}}}],"scatterpolargl":[{"type":"scatterpolargl","marker":{"colorbar":{"outlinewidth":0,"ticks":""}}}],"bar":[{"error_x":{"color":"#2a3f5f"},"error_y":{"color":"#2a3f5f"},"marker":{"line":{"color":"#E5ECF6","width":0.5},"pattern":{"fillmode":"overlay","size":10,"solidity":0.2}},"type":"bar"}],"scattergeo":[{"type":"scattergeo","marker":{"colorbar":{"outlinewidth":0,"ticks":""}}}],"scatterpolar":[{"type":"scatterpolar","marker":{"colorbar":{"outlinewidth":0,"ticks":""}}}],"histogram":[{"marker":{"pattern":{"fillmode":"overlay","size":10,"solidity":0.2}},"type":"histogram"}],"scattergl":[{"type":"scattergl","marker":{"colorbar":{"outlinewidth":0,"ticks":""}}}],"scatter3d":[{"type":"scatter3d","line":{"colorbar":{"outlinewidth":0,"ticks":""}},"marker":{"colorbar":{"outlinewidth":0,"ticks":""}}}],"scattermapbox":[{"type":"scattermapbox","marker":{"colorbar":{"outlinewidth":0,"ticks":""}}}],"scatterternary":[{"type":"scatterternary","marker":{"colorbar":{"outlinewidth":0,"ticks":""}}}],"scattercarpet":[{"type":"scattercarpet","marker":{"colorbar":{"outlinewidth":0,"ticks":""}}}],"carpet":[{"aaxis":{"endlinecolor":"#2a3f5f","gridcolor":"white","linecolor":"white","minorgridcolor":"white","startlinecolor":"#2a3f5f"},"baxis":{"endlinecolor":"#2a3f5f","gridcolor":"white","linecolor":"white","minorgridcolor":"white","startlinecolor":"#2a3f5f"},"type":"carpet"}],"table":[{"cells":{"fill":{"color":"#EBF0F8"},"line":{"color":"white"}},"header":{"fill":{"color":"#C8D4E3"},"line":{"color":"white"}},"type":"table"}],"barpolar":[{"marker":{"line":{"color":"#E5ECF6","width":0.5},"pattern":{"fillmode":"overlay","size":10,"solidity":0.2}},"type":"barpolar"}],"pie":[{"automargin":true,"type":"pie"}]},"layout":{"autotypenumbers":"strict","colorway":["#636efa","#EF553B","#00cc96","#ab63fa","#FFA15A","#19d3f3","#FF6692","#B6E880","#FF97FF","#FECB52"],"font":{"color":"#2a3f5f"},"hovermode":"closest","hoverlabel":{"align":"left"},"paper_bgcolor":"white","plot_bgcolor":"#E5ECF6","polar":{"bgcolor":"#E5ECF6","angularaxis":{"gridcolor":"white","linecolor":"white","ticks":""},"radialaxis":{"gridcolor":"white","linecolor":"white","ticks":""}},"ternary":{"bgcolor":"#E5ECF6","aaxis":{"gridcolor":"white","linecolor":"white","ticks":""},"baxis":{"gridcolor":"white","linecolor":"white","ticks":""},"caxis":{"gridcolor":"white","linecolor":"white","ticks":""}},"coloraxis":{"colorbar":{"outlinewidth":0,"ticks":""}},"colorscale":{"sequential":[[0.0,"#0d0887"],[0.1111111111111111,"#46039f"],[0.2222222222222222,"#7201a8"],[0.3333333333333333,"#9c179e"],[0.4444444444444444,"#bd3786"],[0.5555555555555556,"#d8576b"],[0.6666666666666666,"#ed7953"],[0.7777777777777778,"#fb9f3a"],[0.8888888888888888,"#fdca26"],[1.0,"#f0f921"]],"sequentialminus":[[0.0,"#0d0887"],[0.1111111111111111,"#46039f"],[0.2222222222222222,"#7201a8"],[0.3333333333333333,"#9c179e"],[0.4444444444444444,"#bd3786"],[0.5555555555555556,"#d8576b"],[0.6666666666666666,"#ed7953"],[0.7777777777777778,"#fb9f3a"],[0.8888888888888888,"#fdca26"],[1.0,"#f0f921"]],"diverging":[[0,"#8e0152"],[0.1,"#c51b7d"],[0.2,"#de77ae"],[0.3,"#f1b6da"],[0.4,"#fde0ef"],[0.5,"#f7f7f7"],[0.6,"#e6f5d0"],[0.7,"#b8e186"],[0.8,"#7fbc41"],[0.9,"#4d9221"],[1,"#276419"]]},"xaxis":{"gridcolor":"white","linecolor":"white","ticks":"","title":{"standoff":15},"zerolinecolor":"white","automargin":true,"zerolinewidth":2},"yaxis":{"gridcolor":"white","linecolor":"white","ticks":"","title":{"standoff":15},"zerolinecolor":"white","automargin":true,"zerolinewidth":2},"scene":{"xaxis":{"backgroundcolor":"#E5ECF6","gridcolor":"white","linecolor":"white","showbackground":true,"ticks":"","zerolinecolor":"white","gridwidth":2},"yaxis":{"backgroundcolor":"#E5ECF6","gridcolor":"white","linecolor":"white","showbackground":true,"ticks":"","zerolinecolor":"white","gridwidth":2},"zaxis":{"backgroundcolor":"#E5ECF6","gridcolor":"white","linecolor":"white","showbackground":true,"ticks":"","zerolinecolor":"white","gridwidth":2}},"shapedefaults":{"line":{"color":"#2a3f5f"}},"annotationdefaults":{"arrowcolor":"#2a3f5f","arrowhead":0,"arrowwidth":1},"geo":{"bgcolor":"white","landcolor":"#E5ECF6","subunitcolor":"white","showland":true,"showlakes":true,"lakecolor":"white"},"title":{"x":0.05},"mapbox":{"style":"light"}}},"title":{"font":{"size":15},"text":"Interactive Correlation Heatmap"},"height":600,"width":1000}}